[ 0  1  2  3  4  5  6  7  8  9 10 11 12 13 14 15]
[120   1   5   3  22   5  13   7  92   9  21  11  54  13  29  15]
[345 349 369 354 302 281 264 277 341 436 400 350 385 224 259 421 345 307
 341 262 558 314 441 244 255 359 382 429 339 387 354 293 379 402 355 257
 359 225 381 350 317 361 321 304 293 264 305 242 391 378 300 332 320 355
 321 419 460 363 291 287 349 242 370 364 234 356 316 162 242 245 179 281
 443 355 355 281 250 282 241 279 333 376 304 293 347 258 364 520 246 338
 288 455 511 358 382 374 417 208 354 346]
Tests Passed
[0.017032146453857422, 6.280559062957764]
