64
64
1024
1024
1048576
1048576
16777216
16777216
268435456
268435456
4294967296
4294967296
Problem Sizes
[6, 10, 20, 24, 28, 32]
Serial Addition Times
[4.076957702636719e-05, 1.4066696166992188e-05, 0.0010504722595214844, 0.017465829849243164, 0.27647829055786133, 4.418492317199707]
Parallel Addition Times
[0.0003554821014404297, 6.365776062011719e-05, 0.0004951953887939453, 0.0066759586334228516, 0.10785222053527832, 1.7580146789550781]
Serial / Parallel
[0.11468812877263582, 0.2209737827715356, 2.121328839672605, 2.616227991857434, 2.563491870502802, 2.513342106919126]
[64 64 64 64 64 64 64 64 64 64 64 64 64 64 64 64 64 64 64 64 64 64 64 64 64
 64 64 64 64 64 64 64 64 64 64 64 64 64 64 64 64 64 64 64 64 64 64 64 64 64
 64 64 64 64 64 64 64 64 64 64 64 64 64 64]
[64 64 64 64 64 64 64 64 64 64 64 64 64 64 64 64 64 64 64 64 64 64 64 64 64
 64 64 64 64 64 64 64 64 64 64 64 64 64 64 64 64 64 64 64 64 64 64 64 64 64
 64 64 64 64 64 64 64 64 64 64 64 64 64 64]
[1024 1024 1024 ..., 1024 1024 1024]
[1024 1024 1024 ..., 1024 1024 1024]
[4096 4096 4096 ..., 4096 4096 4096]
[4096 4096 4096 ..., 4096 4096 4096]
[16384 16384 16384 ..., 16384 16384 16384]
[16384 16384 16384 ..., 16384 16384 16384]
[65536 65536 65536 ..., 65536 65536 65536]
[65536 65536 65536 ..., 65536 65536 65536]
Vector Sizes
[6, 10, 12, 14, 16]
Serial MV-Mult Times
[5.316734313964844e-05, 0.0018541812896728516, 0.0303041934967041, 0.483656644821167, 7.878865718841553]
Parallel MV-Mult Times
[0.002688169479370117, 0.003236055374145508, 0.009030580520629883, 0.11242151260375977, 1.9520986080169678]
Serial / Parallel
[0.019778270509977828, 0.5729757607013924, 3.3557303904744304, 4.302171653977478, 4.036100269978303]

